3
1 4 3 2 6 5 7 10 9 8
1 2 3 4 6 5 7 10 9 8
1 2 3 4 5 6 7 10 9 8
1 2 3 4 5 6 7 8 9 10
2
1 2 6 5 4 3 7 8 10 9 11
1 2 3 4 5 6 7 8 10 9 11
1 2 3 4 5 6 7 8 9 10 11
3
1 3 2 4 5 6 7 11 10 8 9
1 2 3 4 5 6 7 11 10 8 9
1 2 3 4 5 6 7 9 8 10 11
1 2 3 4 5 6 7 8 9 10 11
3
1 3 2 4 5 6 7 12 11 10 8 9
1 2 3 4 5 6 7 12 11 10 8 9
1 2 3 4 5 6 7 9 8 10 11 12
1 2 3 4 5 6 7 8 9 10 11 12
4
1 5 3 4 2 9 8 6 7
1 2 4 3 5 9 8 6 7
1 2 3 4 5 9 8 6 7
1 2 3 4 5 7 6 8 9
1 2 3 4 5 6 7 8 9
5
8 6 5 2 4 3 1 9 7
8 6 5 4 2 3 1 9 7
1 3 2 4 5 6 8 9 7
1 2 3 4 5 6 8 9 7
1 2 3 4 5 6 9 8 7
1 2 3 4 5 6 7 8 9
6
7 6 1 9 8 2 10 5 3 4
1 6 7 9 8 2 10 5 3 4
1 2 8 9 7 6 10 5 3 4
1 2 8 9 5 10 6 7 3 4
1 2 8 9 5 4 3 7 6 10
1 2 3 4 5 9 8 7 6 10
1 2 3 4 5 6 7 8 9 10
