3
1 4 3 2 6 5 7 10 9 8
1 2 3 4 6 5 7 10 9 8
1 2 3 4 5 6 7 10 9 8
1 2 3 4 5 6 7 8 9 10
2
1 2 6 5 4 3 7 8 10 9 11
1 2 3 4 5 6 7 8 10 9 11
1 2 3 4 5 6 7 8 9 10 11
3
1 3 2 4 5 6 7 11 10 8 9
1 2 3 4 5 6 7 11 10 8 9
1 2 3 4 5 6 7 9 8 10 11
1 2 3 4 5 6 7 8 9 10 11
3
1 3 2 4 5 6 7 12 11 10 8 9
1 2 3 4 5 6 7 12 11 10 8 9
1 2 3 4 5 6 7 9 8 10 11 12
1 2 3 4 5 6 7 8 9 10 11 12
4
1 5 3 4 2 9 8 6 7
1 2 4 3 5 9 8 6 7
1 2 4 3 5 7 6 8 9
1 2 3 4 5 7 6 8 9
1 2 3 4 5 6 7 8 9
6
8 6 5 2 4 3 1 9 7
9 1 3 4 2 5 6 8 7
7 8 6 5 2 4 3 1 9
1 3 4 2 5 6 8 7 9
1 3 4 2 5 6 7 8 9
1 2 4 3 5 6 7 8 9
1 2 3 4 5 6 7 8 9
16
16 8 6 4 15 13 5 14 10 12 1 2 3 7 9 11
11 9 7 3 2 1 12 10 14 5 13 15 4 6 8 16
13 5 14 10 12 1 2 3 7 9 11 15 4 6 8 16
4 15 11 9 7 3 2 1 12 10 14 5 13 6 8 16
4 8 6 13 5 14 10 12 1 2 3 7 9 11 15 16
4 8 6 9 7 3 2 1 12 10 14 5 13 11 15 16
1 2 3 7 9 6 8 4 12 10 14 5 13 11 15 16
1 2 3 7 5 14 10 12 4 8 6 9 13 11 15 16
1 2 3 7 5 11 13 9 6 8 4 12 10 14 15 16
1 2 3 4 8 6 9 13 11 5 7 12 10 14 15 16
1 2 3 4 8 6 9 10 12 7 5 11 13 14 15 16
1 2 3 4 5 7 12 10 9 6 8 11 13 14 15 16
1 2 3 4 5 7 11 8 6 9 10 12 13 14 15 16
1 2 3 4 5 7 10 9 6 8 11 12 13 14 15 16
1 2 3 4 5 7 8 6 9 10 11 12 13 14 15 16
1 2 3 4 5 6 8 7 9 10 11 12 13 14 15 16
1 2 3 4 5 6 7 8 9 10 11 12 13 14 15 16
