3
1 4 3 2 6 5 7 10 9 8
1 4 3 2 5 6 7 10 9 8
1 2 3 4 5 6 7 10 9 8
1 2 3 4 5 6 7 8 9 10
1 2 3 4 5 6 7 8 9 10
2
1 2 6 5 4 3 7 8 10 9 11
1 2 3 4 5 6 7 8 10 9 11
1 2 3 4 5 6 7 8 9 10 11
1 2 3 4 5 6 7 8 9 10 11
3
1 3 2 4 5 6 7 11 10 8 9
1 2 3 4 5 6 7 11 10 8 9
1 2 3 4 5 6 7 9 8 10 11
1 2 3 4 5 6 7 8 9 10 11
1 2 3 4 5 6 7 8 9 10 11
3
1 3 2 4 5 6 7 12 11 10 8 9
1 2 3 4 5 6 7 12 11 10 8 9
1 2 3 4 5 6 7 9 8 10 11 12
1 2 3 4 5 6 7 8 9 10 11 12
1 2 3 4 5 6 7 8 9 10 11 12
4
1 5 3 4 2 9 8 6 7
1 5 3 4 2 7 6 8 9
1 5 3 4 2 6 7 8 9
1 2 4 3 5 6 7 8 9
1 2 3 4 5 6 7 8 9
1 2 3 4 5 6 7 8 9
15
8 6 5 2 4 3 1 9 7
8 3 4 2 5 6 1 9 7
8 4 3 2 5 6 1 9 7
9 1 6 5 2 3 4 8 7
9 2 5 6 1 3 4 8 7
9 2 1 6 5 3 4 8 7
9 2 3 5 6 1 4 8 7
9 2 3 6 5 1 4 8 7
7 8 4 1 5 6 3 2 9
3 6 5 1 4 8 7 2 9
3 8 4 1 5 6 7 2 9
4 8 3 1 5 6 7 2 9
1 3 8 4 5 6 7 2 9
1 8 3 4 5 6 7 2 9
1 2 7 6 5 4 3 8 9
1 2 3 4 5 6 7 8 9
1 2 3 4 5 6 7 8 9
12
7 6 1 9 8 2 10 5 3 4
7 6 1 3 5 10 2 8 9 4
2 10 5 3 1 6 7 8 9 4
10 2 5 3 1 6 7 8 9 4
4 9 8 7 6 1 3 5 2 10
4 9 5 3 1 6 7 8 2 10
3 5 9 4 1 6 7 8 2 10
9 5 3 4 1 6 7 8 2 10
2 8 7 6 1 4 3 5 9 10
2 5 3 4 1 6 7 8 9 10
5 2 3 4 1 6 7 8 9 10
1 4 3 2 5 6 7 8 9 10
1 2 3 4 5 6 7 8 9 10
1 2 3 4 5 6 7 8 9 10
