Codon Cognates Near-Cognates Codon Cognates Near-Cognates
UUU 28 22,23 GUU 44,45,46
UUC 28 9,17,20,22,23,36,42,43,45,46 GUC 45,46 2,8,15,17,20,28,44
UUG 22,23 18,19,25,26,27,28,34,41 GUG 44 13,18,19,22,25,26,27,45,46
UUA 23 21,22,28,32,33,44 GUA 44 1,12,14,21,23,45,46
UCU 33,36 34 GCU 1 2
UCC 36 2,9,28,30,33,34,37,39,42,43 GCC 2 1,8,15,30,36,37,39,45,46
UCG 33,34 22,29,36,38,41 GCG 1 2,13,29,34,38
UCA 33 1,23,31,32,34,36,40 GCA 1 2,12,14,31,33,40,44
UGU 9 3,32,41 GGU 15 3,13,14
UGC 9 15,28,32,35,36,41,42,43 GGC 15 2,8,9,13,14,35,45,46
UGG 41 4,6,9,13,22,32,34 GGG 13,14 4,6,15,41
UGA 32,48 5,9,14,23,33,41 GGA 14 1,5,12,13,15,32,44
UAU 42,43 GAU 8 12
UAC 42,43 7,8,9,16,28,36 GAC 8 2,7,12,15,16,42,43,45,46
UAG 47 11,22,34,41,42,43 GAG 12 8,11,13
UAA 47,48 10,12,23,24,32,33,42,43 GAA 12 1,8,10,14,24,44
CUU 20 3,19,21 AUU 17 18,25,26,27
CUC 20 16,17,19,21,28,30,45,46 AUC 17 7,18,20,25,26,27,28,35,37,39,45,46
CUG 19,21 4,11,18,20,22,25,26,27,29 AUG 25,26,27 6,17,18,19,22,38
CUA 21 10,19,20,23,31,44 AUA 18 5,17,21,23,24,25,26,27,40,44
CCU 30,31 3,29 ACU 37,39,40 38
CCC 30 2,16,20,29,31,36,37,39 ACC 37,39 2,7,17,30,35,36,38,40
CCG 29,31 4,11,19,30,34,38 ACG 38,40 6,18,25,26,27,29,34,37,39
CCA 31 1,10,21,29,30,33,40 ACA 40 1,5,24,31,33,37,38,39
CGU 3 4 AGU 35 3,5,6
CGC 3 4,9,15,16,20,30,35 AGC 35 5,6,7,9,15,17,37,39
CGG 4 3,6,11,13,19,29,41 AGG 6 4,5,13,18,25,26,27,35,38,41
CGA 3 4,5,10,14,21,31,32 AGA 5 6,14,24,32,35,40
CAU 16 3,10,11 AAU 7 24
CAC 16 7,8,10,11,20,30,42,43 AAC 7 8,16,17,24,35,37,39,42,43
CAG 11 4,10,16,19,29 AAG 24 6,7,11,18,25,26,27,38
CAA 10 11,12,16,21,24,31 AAA 24 5,7,10,12,40